00000000 00000101 00000100 00010011
00000000 01010000 00000100 10010011
00000000 11010000 00000100 00010011
00000000 00110000 00000100 10010011
00000000 10110000 00000100 00010011
00000000 01110000 00000100 10010011
00000000 11110000 00000100 00010011
00000000 00001000 00000100 10010011
00000000 10001000 00000100 00010011
00000000 01001000 00000100 10010011
00000000 11001000 00000100 00010011
00000000 10100000 00000100 00010011
00000000 01010000 00000100 10010011
00000000 11010000 00000100 00010011
00000000 00110000 00000100 10010011
00000000 10110000 00000100 00010011
00000000 01110000 00000100 10010011
00000000 11110000 00000100 00010011
00000000 00001000 00000100 10010011
00000000 10001000 00000100 00010011
00000000 01001000 00000100 10010011
00000000 11001000 00000100 00010011
00000000 10100000 00000100 00010011
00000000 01010000 00000100 10010011
00000000 11010000 00000100 00010011
00000000 00110000 00000100 10010011
00000000 10110000 00000100 00010011
00000000 01110000 00000100 10010011
00000000 11110000 00000100 00010011
00000000 00001000 00000100 10010011
00000000 10001000 00000100 00010011
00000000 01001000 00000100 10010011
00000000 11001000 00000100 00010011
00000000 10100000 00000100 00010011
00000000 01010000 00000100 10010011
00000000 11010000 00000100 00010011
00000000 00110000 00000100 10010011
00000000 10110000 00000100 00010011
00000000 01110000 00000100 10010011
00000000 11110000 00000100 00010011
00000000 00001000 00000100 10010011
00000000 10001000 00000100 00010011
00000000 01001000 00000100 10010011
00000000 11001000 00000100 00010011
00000000 10100000 00000100 00010011
00000000 01010000 00000100 10010011
00000000 11010000 00000100 00010011
00000000 00110000 00000100 10010011
00000000 10110000 00000100 00010011
00000000 01110000 00000100 10010011
00000000 11110000 00000100 00010011
00000000 00001000 00000100 10010011
00000000 10001000 00000100 00010011
00000000 01001000 00000100 10010011
00000000 11001000 00000100 00010011
00000000 10100000 00000100 00010011
00000000 01010000 00000100 10010011
00000000 11010000 00000100 00010011
00000000 00110000 00000100 10010011
00000000 10110000 00000100 00010011
00000000 01110000 00000100 10010011
00000000 11110000 00000100 00010011
00000000 00001000 00000100 10010011
00000000 10001000 00000100 00010011
00000000 01001000 00000100 10010011
00000000 11001000 00000100 00010011
00000000 10100000 00000100 00010011
00000000 01010000 00000100 10010011
00000000 11010000 00000100 00010011
00000000 00110000 00000100 10010011
00000000 10110000 00000100 00010011
00000000 01110000 00000100 10010011
00000000 11110000 00000100 00010011
00000000 00001000 00000100 10010011
00000000 10001000 00000100 00010011
00000000 01001000 00000100 10010011
00000000 11001000 00000100 00010011
00000000 10100000 00000100 00010011
00000000 01010000 00000100 10010011
00000000 11010000 00000100 00010011
00000000 00110000 00000100 10010011
00000000 10110000 00000100 00010011
00000000 01110000 00000100 10010011
00000000 11110000 00000100 00010011
00000000 00001000 00000100 10010011
00000000 10001000 00000100 00010011
00000000 01001000 00000100 10010011
00000000 11001000 00000100 00010011
00000000 10100000 00000100 00010011
00000000 01010000 00000100 10010011
00000000 11010000 00000100 00010011
00000000 00110000 00000100 10010011
00000000 10110000 00000100 00010011
00000000 01110000 00000100 10010011
00000000 11110000 00000100 00010011
00000000 00001000 00000100 10010011
00000000 10001000 00000100 00010011
00000000 01001000 00000100 10010011
00000000 11001000 00000100 00010011
00000000 10100000 00000100 00010011
00000000 01010000 00000100 10010011
00000000 11010000 00000100 00010011
00000000 00110000 00000100 10010011
00000000 10110000 00000100 00010011
00000000 01110000 00000100 10010011
00000000 11110000 00000100 00010011
00000000 00001000 00000100 10010011
00000000 10001000 00000100 00010011
00000000 01001000 00000100 10010011
00000000 11001000 00000100 00010011
00000000 10100000 00000100 00010011
00000000 01010000 00000100 10010011
00000000 11010000 00000100 00010011
00000000 00110000 00000100 10010011
00000000 10110000 00000100 00010011
00000000 01110000 00000100 10010011
00000000 11110000 00000100 00010011
00000000 00001000 00000100 10010011
00000000 10001000 00000100 00010011
00000000 01001000 00000100 10010011
00000000 11001000 00000100 00010011
00000000 10100000 00000100 00010011
00000000 01010000 00000100 10010011
00000000 11010000 00000100 00010011
00000000 00110000 00000100 10010011
00000000 10110000 00000100 00010011
00000000 01110000 00000100 10010011
00000000 11110000 00000100 00010011
00000000 00001000 00000100 10010011
00000000 10001000 00000100 00010011
00000000 01001000 00000100 10010011
00000000 11001000 00000100 00010011
00000000 10100000 00000100 00010011
00000000 01010000 00000100 10010011
00000000 11010000 00000100 00010011
00000000 00110000 00000100 10010011
00000000 10110000 00000100 00010011
00000000 01110000 00000100 10010011
00000000 11110000 00000100 00010011
00000000 00001000 00000100 10010011
00000000 10001000 00000100 00010011
00000000 01001000 00000100 10010011
00000000 11001000 00000100 00010011
00000000 10100000 00000100 00010011
00000000 01010000 00000100 10010011
00000000 11010000 00000100 00010011
00000000 00110000 00000100 10010011
00000000 10110000 00000100 00010011
00000000 01110000 00000100 10010011
00000000 11110000 00000100 00010011
00000000 00001000 00000100 10010011
00000000 10001000 00000100 00010011
00000000 01001000 00000100 10010011
00000000 11001000 00000100 00010011
00000000 10100000 00000100 00010011
00000000 01010000 00000100 10010011
00000000 11010000 00000100 00010011
00000000 00110000 00000100 10010011
00000000 10110000 00000100 00010011
00000000 01110000 00000100 10010011
00000000 11110000 00000100 00010011
00000000 00001000 00000100 10010011
00000000 10001000 00000100 00010011
00000000 01001000 00000100 10010011
00000000 11001000 00000100 00010011
00000000 10100000 00000100 00010011
00000000 01010000 00000100 10010011
00000000 11010000 00000100 00010011
00000000 00110000 00000100 10010011
00000000 10110000 00000100 00010011
00000000 01110000 00000100 10010011
00000000 11110000 00000100 00010011
00000000 00001000 00000100 10010011
00000000 10001000 00000100 00010011
00000000 01001000 00000100 10010011
00000000 11001000 00000100 00010011
00000000 10100000 00000100 00010011
00000000 01010000 00000100 10010011
00000000 11010000 00000100 00010011
00000000 00110000 00000100 10010011
00000000 10110000 00000100 00010011
00000000 01110000 00000100 10010011
00000000 11110000 00000100 00010011
00000000 00001000 00000100 10010011
00000000 10001000 00000100 00010011
00000000 01001000 00000100 10010011
00000000 11001000 00000100 00010011
00000000 10100000 00000100 00010011
00000000 01010000 00000100 10010011
00000000 11010000 00000100 00010011
00000000 00110000 00000100 10010011
00000000 10110000 00000100 00010011
00000000 01110000 00000100 10010011
00000000 11110000 00000100 00010011
00000000 00001000 00000100 10010011
00000000 10001000 00000100 00010011
00000000 01001000 00000100 10010011
00000000 11001000 00000100 00010011
00000000 10100000 00000100 00010011
00000000 01010000 00000100 10010011
00000000 11010000 00000100 00010011
00000000 00110000 00000100 10010011
00000000 10110000 00000100 00010011
00000000 01110000 00000100 10010011
00000000 11110000 00000100 00010011
00000000 00001000 00000100 10010011
00000000 10001000 00000100 00010011
00000000 01001000 00000100 10010011
00000000 11001000 00000100 00010011
00000000 10100000 00000100 00010011
00000000 01010000 00000100 10010011
00000000 11010000 00000100 00010011
00000000 00110000 00000100 10010011
00000000 10110000 00000100 00010011
00000000 01110000 00000100 10010011
00000000 11110000 00000100 00010011
00000000 00001000 00000100 10010011
00000000 10001000 00000100 00010011
00000000 01001000 00000100 10010011
00000000 11001000 00000100 00010011
00000000 10100000 00000100 00010011
00000000 01010000 00000100 10010011
00000000 11010000 00000100 00010011
00000000 00110000 00000100 10010011
00000000 10110000 00000100 00010011
00000000 01110000 00000100 10010011
00000000 11110000 00000100 00010011
00000000 00001000 00000100 10010011
00000000 10001000 00000100 00010011
00000000 01001000 00000100 10010011
00000000 11001000 00000100 00010011
00000000 10100000 00000100 00010011
00000000 01010000 00000100 10010011
00000000 11010000 00000100 00010011
00000000 00110000 00000100 10010011
00000000 10110000 00000100 00010011
00000000 01110000 00000100 10010011
00000000 11110000 00000100 00010011
00000000 00001000 00000100 10010011
00000000 10001000 00000100 00010011
00000000 01001000 00000100 10010011
00000000 11001000 00000100 00010011
00000000 10100000 00000100 00010011
00000000 01010000 00000100 10010011
00000000 11010000 00000100 00010011
00000000 00110000 00000100 10010011
00000000 10110000 00000100 00010011
00000000 01110000 00000100 10010011
00000000 11110000 00000100 00010011
00000000 00001000 00000100 10010011
00000000 10001000 00000100 00010011
00000000 01001000 00000100 10010011
00000000 11001000 00000100 00010011
00000000 01001000 00000100 10010011
00000000 11001000 00000100 00010011
00000000 11001000 00000100 00010011